import numpy as np
import matplotlib.pyplot as plt

rhos = np.linspace(0.0, 1.0, 8) #look up formula at GEM0

statistical_moments = {'te_transp.flux':
                           {'mean': np.array([177290.94974884, 332715.7963303, 397811.74420594, 283516.14058002,
        76690.24421914,  89796.29403351,  76764.77540447, 108211.52755539]),
                            'var': np.array([5.12903011e+09, 4.97219600e-16, 7.11660170e-16, 3.61058803e-16,
       2.64424926e-17, 3.62862038e-17, 2.64711790e-17, 5.26834345e-17]),
                            'std': np.array([7.16172473e+04, 2.22984215e-08, 2.66769595e-08, 1.90015474e-08,
       5.14222642e-09, 6.02380310e-09, 5.14501497e-09, 7.25833552e-09])},
                        'ti_transp.flux':
                            {'mean': np.array([8058637.49605365,  239621.51354614,   74800.05253808,
        110259.45539636,   52980.32810505,   74594.89379035,
         57052.28074755,   66590.62844865]),
                             'var': np.array([3.15655126e+13, 2.58247072e-16, 2.51460336e-17, 5.45992938e-17,
       1.26106169e-17, 2.50300680e-17, 1.46400841e-17, 1.99257580e-17]),
                             'std': np.array([5.61831937e+06, 1.60700676e-08, 5.01458210e-09, 7.38913349e-09,
       3.55114303e-09, 5.00300590e-09, 3.82623629e-09, 4.46382773e-09])}
                       }
print(statistical_moments['te_transp.flux']['mean'])
plt.plot(rhos, statistical_moments['te_transp.flux']['mean'], 'b')
#plt.fill(rhos, statistical_moments['te_transp.flux']['mean'] - 1.96 * statistical_moments['te_transp.flux']['var'],
#                statistical_moments['te_transp.flux']['mean'] + 1.96 * statistical_moments['te_transp.flux']['var'],
#                alpha=.3, fc='b')
plt.xlabel('$rho$')
plt.ylabel('$Te flux$')
plt.savefig("fl_rho.png")

"""
percentiles = {'te_transp.flux': {'p10': array([ 93131.8657099 , 332715.79633028, 397811.74420591, 283516.14058   ,
        76690.24421913,  89796.2940335 ,  76764.77540446, 108211.52755538]), 'p90': array([275229.87012929, 332715.79633032, 397811.74420596, 283516.14058003,
        76690.24421914,  89796.29403351,  76764.77540447, 108211.52755539])}, 'ti_transp.flux': {'p10': array([1501631.13397105,  239621.51354613,   74800.05253808,
        110259.45539635,   52980.32810505,   74594.89379035,
         57052.28074755,   66590.62844864]), 'p90': array([15397667.01049704,   239621.51354615,    74800.05253809,
         110259.45539636,    52980.32810505,    74594.89379035,
          57052.28074755,    66590.62844865])}}
sobols_first,{'te_transp.flux': {'te.value': array([[0.06377874, 0.00225826, 0.00209105, 0.00208172, 0.00217425,
        0.00222555, 0.00217962, 0.00232096]]), 'te.ddrho': array([[0.92662199, 0.01504219, 0.01512846, 0.01492956, 0.01501398,
        0.01523329, 0.01472006, 0.01526261]]), 'ti.value': array([[2.88277792e-29, 9.95904305e-04, 1.04869274e-03, 1.05581013e-03,
        1.03107575e-03, 1.03562404e-03, 1.00750124e-03, 1.04561077e-03]]), 'ti.ddrho': array([[3.68565780e-27, 1.33801588e-01, 1.33584884e-01, 1.33725118e-01,
        1.33656143e-01, 1.33907120e-01, 1.33653918e-01, 1.34081466e-01]])}, 'ti_transp.flulart
        x': {'te.value': array([[0.69381131, 0.00253709, 0.00221064, 0.00227544, 0.00222575,
        0.0027832 , 0.00243306, 0.00222152]]), 'te.ddrho': array([[0.08258626, 0.01485505, 0.01543202, 0.01481669, 0.01490716,
        0.01473923, 0.01482723, 0.01502008]]), 'ti.value': array([[0.18622488, 0.00108478, 0.0010074 , 0.001071  , 0.00103323,
        0.00106173, 0.00105293, 0.00104511]]), 'ti.ddrho': array([[5.67371179e-05, 1.33753888e-01, 1.34008508e-01, 1.33479780e-01,
        1.33953200e-01, 1.34033520e-01, 1.33864135e-01, 1.33413443e-01]])}}
sobols_second,{'te_transp.flux': {'te.value': array([[[ 0.00000000e+00,  0.00000000e+00,  0.00000000e+00,
          0.00000000e+00,  0.00000000e+00,  0.00000000e+00,
          0.00000000e+00,  0.00000000e+00],
        [ 9.59926553e-03,  1.70417646e-01,  1.71366772e-01,
          1.70766632e-01,  1.71660586e-01,  1.71363936e-01,
          1.71314885e-01,  1.71068070e-01],
        [-1.25507191e-15,  2.76366672e-02,  2.76745848e-02,
          2.76861480e-02,  2.75486645e-02,  2.75622991e-02,
          2.76381938e-02,  2.76508378e-02],
        [ 2.64959626e-15,  4.13061474e-03,  4.11721378e-03,
          4.10107453e-03,  4.07388682e-03,  4.07138524e-03,
          4.11223677e-03,  4.10633222e-03]]]), 'te.ddrho': array([[[9.59926553e-03, 1.70417646e-01, 1.71366772e-01, 1.70766632e-01,
         1.71660586e-01, 1.71363936e-01, 1.71314885e-01, 1.71068070e-01],
        [0.00000000e+00, 0.00000000e+00, 0.00000000e+00, 0.00000000e+00,
         0.00000000e+00, 0.00000000e+00, 0.00000000e+00, 0.00000000e+00],
        [2.23123896e-15, 4.84011493e-02, 4.82467196e-02, 4.84010374e-02,
         4.84090575e-02, 4.83091540e-02, 4.83318257e-02, 4.83855448e-02],
        [5.57809740e-16, 1.09653969e-01, 1.09486391e-01, 1.09612342e-01,
         1.09500310e-01, 1.09267090e-01, 1.09577693e-01, 1.09265611e-01]]]), 'ti.value': array([[[-1.25507191e-15,  2.76366672e-02,  2.76745848e-02,
          2.76861480e-02,  2.75486645e-02,  2.75622991e-02,
          2.76381938e-02,  2.76508378e-02],
        [ 2.23123896e-15,  4.84011493e-02,  4.82467196e-02,
          4.84010374e-02,  4.84090575e-02,  4.83091540e-02,
          4.83318257e-02,  4.83855448e-02],
        [ 0.00000000e+00,  0.00000000e+00,  0.00000000e+00,
          0.00000000e+00,  0.00000000e+00,  0.00000000e+00,
          0.00000000e+00,  0.00000000e+00],
        [ 6.55631289e-27,  2.38082907e-01,  2.37914682e-01,
          2.38122433e-01,  2.37727950e-01,  2.37913591e-01,
          2.37996827e-01,  2.37826817e-01]]]), 'ti.ddrho': array([[[2.64959626e-15, 4.13061474e-03, 4.11721378e-03, 4.10107453e-03,
         4.07388682e-03, 4.07138524e-03, 4.11223677e-03, 4.10633222e-03],
        [5.57809740e-16, 1.09653969e-01, 1.09486391e-01, 1.09612342e-01,
         1.09500310e-01, 1.09267090e-01, 1.09577693e-01, 1.09265611e-01],
        [6.55631289e-27, 2.38082907e-01, 2.37914682e-01, 2.38122433e-01,
         2.37727950e-01, 2.37913591e-01, 2.37996827e-01, 2.37826817e-01],
        [0.00000000e+00, 0.00000000e+00, 0.00000000e+00, 0.00000000e+00,
         0.00000000e+00, 0.00000000e+00, 0.00000000e+00, 0.00000000e+00]]])}, 'ti_transp.flux': {'te.value': array([[[0.00000000e+00, 0.00000000e+00, 0.00000000e+00, 0.00000000e+00,
         0.00000000e+00, 0.00000000e+00, 0.00000000e+00, 0.00000000e+00],
        [2.78243795e-02, 1.71470948e-01, 1.70739824e-01, 1.71376325e-01,
         1.70714105e-01, 1.71091002e-01, 1.71713770e-01, 1.70811837e-01],
        [1.93835884e-03, 2.75963929e-02, 2.76045803e-02, 2.76648306e-02,
         2.76245783e-02, 2.75104876e-02, 2.75758159e-02, 2.76102458e-02],
        [5.90559601e-07, 4.10147773e-03, 4.08527924e-03, 4.12594651e-03,
         4.10857652e-03, 4.06381727e-03, 4.11175650e-03, 4.09472523e-03]]]), 'te.ddrho': array([[[2.78243795e-02, 1.71470948e-01, 1.70739824e-01, 1.71376325e-01,
         1.70714105e-01, 1.71091002e-01, 1.71713770e-01, 1.70811837e-01],
        [0.00000000e+00, 0.00000000e+00, 0.00000000e+00, 0.00000000e+00,
         0.00000000e+00, 0.00000000e+00, 0.00000000e+00, 0.00000000e+00],
        [7.47839036e-03, 4.83599679e-02, 4.83851295e-02, 4.84567231e-02,
         4.83628751e-02, 4.84503019e-02, 4.83872674e-02, 4.84281714e-02],
        [2.27844049e-06, 1.09378690e-01, 1.09533031e-01, 1.09416415e-01,
         1.09597989e-01, 1.09435650e-01, 1.09344061e-01, 1.09539335e-01]]]), 'ti.value': array([[[ 1.93835884e-03,  2.75963929e-02,  2.76045803e-02,
          2.76648306e-02,  2.76245783e-02,  2.75104876e-02,
          2.75758159e-02,  2.76102458e-02],
        [ 7.47839036e-03,  4.83599679e-02,  4.83851295e-02,
          4.84567231e-02,  4.83628751e-02,  4.84503019e-02,
          4.83872674e-02,  4.84281714e-02],
        [ 0.00000000e+00,  0.00000000e+00,  0.00000000e+00,
          0.00000000e+00,  0.00000000e+00,  0.00000000e+00,
          0.00000000e+00,  0.00000000e+00],
        [-5.93094823e-16,  2.37758389e-01,  2.37918152e-01,
          2.38088723e-01,  2.37992275e-01,  2.37729152e-01,
          2.37628701e-01,  2.38153715e-01]]]), 'ti.ddrho': array([[[ 5.90559601e-07,  4.10147773e-03,  4.08527924e-03,
          4.12594651e-03,  4.10857652e-03,  4.06381727e-03,
          4.11175650e-03,  4.09472523e-03],
        [ 2.27844049e-06,  1.09378690e-01,  1.09533031e-01,
          1.09416415e-01,  1.09597989e-01,  1.09435650e-01,
          1.09344061e-01,  1.09539335e-01],
        [-5.93094823e-16,  2.37758389e-01,  2.37918152e-01,
          2.38088723e-01,  2.37992275e-01,  2.37729152e-01,
          2.37628701e-01,  2.38153715e-01],
        [ 0.00000000e+00,  0.00000000e+00,  0.00000000e+00,
          0.00000000e+00,  0.00000000e+00,  0.00000000e+00,
          0.00000000e+00,  0.00000000e+00]]])}}
sobols_total,{'te_transp.flux': {'te.value': array([[0.07337801, 0.40557879, 0.40620561, 0.40563438, 0.40627245,
        0.40590163, 0.4061286 , 0.40577459]]), 'te.ddrho': array([[0.93622126, 0.41164911, 0.41219504, 0.41183695, 0.41259836,
        0.41222182, 0.41226402, 0.41196732]]), 'ti.value': array([[2.41717554e-15, 5.45495876e-01, 5.45094611e-01, 5.45539928e-01,
        5.44718272e-01, 5.44712277e-01, 5.45167076e-01, 5.44704508e-01]]), 'ti.ddrho': array([[-2.78904870e-15,  7.34776991e-01,  7.33999844e-01,
         7.34634668e-01,  7.33693159e-01,  7.33807393e-01,
         7.34348158e-01,  7.33822152e-01]])}, 'ti_transp.flux': {'te.value': array([[0.72365145, 0.40634332, 0.40516917, 0.4062442 , 0.4056302 ,
        0.40614263, 0.40648596, 0.40597586]]), 'te.ddrho': array([[0.11796812, 0.41214683, 0.41228543, 0.41214797, 0.41184271,
        0.4117689 , 0.41228594, 0.41192611]]), 'ti.value': array([[0.19571841, 0.54474639, 0.54477894, 0.5453254 , 0.54523321,
        0.54466449, 0.54456569, 0.54572605]]), 'ti.ddrho': array([[5.96295108e-05, 7.33632378e-01, 7.34154237e-01, 7.33892195e-01,
        7.34667456e-01, 7.33913664e-01, 7.33558877e-01, 7.34421847e-01]])}}
correlation_matrices,{'te_transp.flux': array([[ 1.        , -0.00860628, -0.00632353, -0.00673872, -0.00686928,
        -0.00602464, -0.00591526, -0.0077453 ],
       [-0.00860628,  1.        ,  0.99996487,  0.99993324,  0.99990386,
         0.99996985,  0.99995782,  0.99996923],
       [-0.00632353,  0.99996487,  1.        ,  0.99995475,  0.99994008,
         0.9999933 ,  0.99996487,  0.99998613],
       [-0.00673872,  0.99993324,  0.99995475,  1.        ,  0.99999363,
         0.99993399,  0.99987875,  0.9999738 ],
       [-0.00686928,  0.99990386,  0.99994008,  0.99999363,  1.        ,
         0.99991811,  0.99985467,  0.99996236],
       [-0.00602464,  0.99996985,  0.9999933 ,  0.99993399,  0.99991811,
         1.        ,  0.99998426,  0.99998265],
       [-0.00591526,  0.99995782,  0.99996487,  0.99987875,  0.99985467,
         0.99998426,  1.        ,  0.99994506],
       [-0.0077453 ,  0.99996923,  0.99998613,  0.9999738 ,  0.99996236,
         0.99998265,  0.99994506,  1.        ]]), 'ti_transp.flux': array([[ 1.        , -0.02172454, -0.01955295, -0.0196203 , -0.02456973,
        -0.01770423, -0.01744036, -0.01864633],
       [-0.02172454,  1.        ,  0.9999817 ,  0.99998763,  0.99996842,
         0.99996172,  0.99997886,  0.99996341],
       [-0.01955295,  0.9999817 ,  1.        ,  0.99998865,  0.99997632,
         0.99994635,  0.9999788 ,  0.99997977],
       [-0.0196203 ,  0.99998763,  0.99998865,  1.        ,  0.99997274,
         0.99995534,  0.99997716,  0.99997409],
       [-0.02456973,  0.99996842,  0.99997632,  0.99997274,  1.        ,
         0.99990163,  0.99993701,  0.99996493],
       [-0.01770423,  0.99996172,  0.99994635,  0.99995534,  0.99990163,
         1.        ,  0.99998394,  0.99989657],
       [-0.01744036,  0.99997886,  0.9999788 ,  0.99997716,  0.99993701,
         0.99998394,  1.        ,  0.99994833],
       [-0.01864633,  0.99996341,  0.99997977,  0.99997409,  0.99996493,
         0.99989657,  0.99994833,  1.        ]])}
output_distributions,{'te_transp.flux': array([sample_dist(lo=10369.822784484899, up=610877.8634313559),
       sample_dist(lo=332715.79633002385, up=332715.7963305899),
       sample_dist(lo=397811.7442056032, up=397811.74420628045),
       sample_dist(lo=283516.14057977777, up=283516.14058026037),
       sample_dist(lo=76690.24421907082, up=76690.24421920133),
       sample_dist(lo=89796.29403343212, up=89796.29403358506),
       sample_dist(lo=76764.77540440136, up=76764.77540453199),
       sample_dist(lo=108211.52755529631, up=108211.52755548067)],
      dtype=object), 'ti_transp.flux': array([sample_dist(lo=-10329471.737947546, up=41716573.73518188),
       sample_dist(lo=239621.5135459112, up=239621.51354627067),
       sample_dist(lo=74800.052538012, up=74800.0525381243),
       sample_dist(lo=110259.45539625031, up=110259.45539641564),
       sample_dist(lo=52980.32810499871, up=52980.3281050783),
       sample_dist(lo=74594.89379027778, up=74594.89379038961),
       sample_dist(lo=57052.280747494864, up=57052.28074758044),
       sample_dist(lo=66590.62844858246, up=66590.62844868244)],
      dtype=object)}
Flux Tube:  2
statistical_moments,{'te_transp.flux': {'mean': array([ 77620.17744531, 714111.2100368 , 397811.74420594, 283516.14058002,
        76690.24421914,  89796.29403351,  76764.77540447, 108211.52755539]), 'var': array([1.38553650e-17, 8.31936260e+10, 3.61840061e-16, 1.83136747e-16,
       1.33589730e-17, 1.84177154e-17, 1.33651200e-17, 2.68024352e-17]), 'std': array([3.72227954e-09, 2.88433053e+05, 1.90220940e-08, 1.35328026e-08,
       3.65499288e-09, 4.29158658e-09, 3.65583369e-09, 5.17710684e-09])}, 'ti_transp.flux': {'mean': array([   98013.54856926, 10845687.82971733,    74800.05253808,
         110259.45539636,    52980.32810505,    74594.89379035,
          57052.28074755,    66590.62844865]), 'var': array([2.17879465e-17, 4.08698773e+13, 1.27651811e-17, 2.77657652e-17,
       6.41193644e-18, 1.26604962e-17, 7.42410689e-18, 1.01310322e-17]), 'std': array([4.66775604e-09, 6.39295529e+06, 3.57283936e-09, 5.26932303e-09,
       2.53218018e-09, 3.55815911e-09, 2.72472143e-09, 3.18292825e-09])}}
percentiles,{'te_transp.flux': {'p10': array([ 77620.17744531, 370893.19387784, 397811.74420592, 283516.14058   ,
        76690.24421913,  89796.2940335 ,  76764.77540446, 108211.52755538]), 'p90': array([  77620.17744532, 1096779.22588082,  397811.74420595,
        283516.14058003,   76690.24421914,   89796.29403351,
         76764.77540447,  108211.52755539])}, 'ti_transp.flux': {'p10': array([  98013.54856925, 3336342.81432095,   74800.05253808,
        110259.45539635,   52980.32810505,   74594.89379035,
         57052.28074755,   66590.62844864]), 'p90': array([   98013.54856926, 19163523.87657834,    74800.05253809,
         110259.45539636,    52980.32810505,    74594.89379035,
          57052.28074755,    66590.62844865])}}
sobols_first,{'te_transp.flux': {'te.value': array([[0.29222771, 0.06390569, 0.28926129, 0.28666945, 0.28547881,
        0.28914271, 0.28492857, 0.29129235]]), 'te.ddrho': array([[0.05658394, 0.92647186, 0.05612164, 0.05694927, 0.05711256,
        0.05691892, 0.05668748, 0.0560134 ]]), 'ti.value': array([[5.07687255e-02, 7.14129602e-28, 5.11540287e-02, 5.06852062e-02,
        5.05584744e-02, 5.04304394e-02, 5.10707706e-02, 5.03303976e-02]]), 'ti.ddrho': array([[9.77660412e-03, 1.38281374e-28, 9.69769983e-03, 9.93574457e-03,
        9.87223031e-03, 9.87708307e-03, 9.68441622e-03, 9.84564413e-03]])}, 'ti_transp.flux': {'te.value': array([[0.28342856, 0.71182105, 0.28865923, 0.28946528, 0.28939938,
        0.28684411, 0.28787832, 0.28967631]]), 'te.ddrho': array([[0.05699107, 0.11546191, 0.05632748, 0.05592677, 0.05664984,
        0.05674653, 0.05660378, 0.05606538]]), 'ti.value': array([[0.05142771, 0.13698106, 0.05068229, 0.05108562, 0.05065072,
        0.05103268, 0.05086859, 0.0507502 ]]), 'ti.ddrho': array([[0.00984115, 0.0002163 , 0.00982368, 0.00996518, 0.00976785,
        0.00965569, 0.00972032, 0.00973584]])}}
sobols_second,{'te_transp.flux': {'te.value': array([[[ 0.00000000e+00,  0.00000000e+00,  0.00000000e+00,
          0.00000000e+00,  0.00000000e+00,  0.00000000e+00,
          0.00000000e+00,  0.00000000e+00],
        [ 3.52820967e-02,  9.62245563e-03,  3.53427265e-02,
          3.51904597e-02,  3.54844711e-02,  3.51956339e-02,
          3.52915486e-02,  3.50381979e-02],
        [ 6.32929060e-02, -5.84628805e-16,  6.35616145e-02,
          6.38787671e-02,  6.38554325e-02,  6.36119838e-02,
          6.43417065e-02,  6.35300856e-02],
        [ 1.93074685e-01, -1.81120296e-15,  1.94536434e-01,
          1.95101307e-01,  1.95415094e-01,  1.94440821e-01,
          1.95506584e-01,  1.94062425e-01]]]), 'te.ddrho': array([[[3.52820967e-02, 9.62245563e-03, 3.53427265e-02, 3.51904597e-02,
         3.54844711e-02, 3.51956339e-02, 3.52915486e-02, 3.50381979e-02],
        [0.00000000e+00, 0.00000000e+00, 0.00000000e+00, 0.00000000e+00,
         0.00000000e+00, 0.00000000e+00, 0.00000000e+00, 0.00000000e+00],
        [3.49090959e-02, 1.46730367e-15, 3.49979426e-02, 3.52639522e-02,
         3.52971449e-02, 3.50330184e-02, 3.52649225e-02, 3.49946635e-02],
        [9.52444035e-02, 2.93460734e-15, 9.58669411e-02, 9.61518335e-02,
         9.61041426e-02, 9.57994850e-02, 9.64979786e-02, 9.56010153e-02]]]), 'ti.value': array([[[ 6.32929060e-02, -5.84628805e-16,  6.35616145e-02,
          6.38787671e-02,  6.38554325e-02,  6.36119838e-02,
          6.43417065e-02,  6.35300856e-02],
        [ 3.49090959e-02,  1.46730367e-15,  3.49979426e-02,
          3.52639522e-02,  3.52971449e-02,  3.50330184e-02,
          3.52649225e-02,  3.49946635e-02],
        [ 0.00000000e+00,  0.00000000e+00,  0.00000000e+00,
          0.00000000e+00,  0.00000000e+00,  0.00000000e+00,
          0.00000000e+00,  0.00000000e+00],
        [ 9.00603844e-02,  1.26726130e-27,  9.03686272e-02,
          9.06076539e-02,  9.11515317e-02,  9.02687444e-02,
          9.11092624e-02,  9.02982213e-02]]]), 'ti.ddrho': array([[[ 1.93074685e-01, -1.81120296e-15,  1.94536434e-01,
          1.95101307e-01,  1.95415094e-01,  1.94440821e-01,
          1.95506584e-01,  1.94062425e-01],
        [ 9.52444035e-02,  2.93460734e-15,  9.58669411e-02,
          9.61518335e-02,  9.61041426e-02,  9.57994850e-02,
          9.64979786e-02,  9.56010153e-02],
        [ 9.00603844e-02,  1.26726130e-27,  9.03686272e-02,
          9.06076539e-02,  9.11515317e-02,  9.02687444e-02,
          9.11092624e-02,  9.02982213e-02],
        [ 0.00000000e+00,  0.00000000e+00,  0.00000000e+00,
          0.00000000e+00,  0.00000000e+00,  0.00000000e+00,
          0.00000000e+00,  0.00000000e+00]]])}, 'ti_transp.flux': {'te.value': array([[[0.00000000e+00, 0.00000000e+00, 0.00000000e+00, 0.00000000e+00,
         0.00000000e+00, 0.00000000e+00, 0.00000000e+00, 0.00000000e+00],
        [3.56514984e-02, 2.85270975e-02, 3.51574513e-02, 3.52080848e-02,
         3.50913826e-02, 3.49464093e-02, 3.52126937e-02, 3.51109749e-02],
        [6.43010437e-02, 1.42820516e-03, 6.37922675e-02, 6.34599438e-02,
         6.37015021e-02, 6.38969636e-02, 6.38667857e-02, 6.36272523e-02],
        [1.95794842e-01, 2.25519974e-06, 1.94804716e-01, 1.94518007e-01,
         1.94314854e-01, 1.95258973e-01, 1.94769368e-01, 1.94342813e-01]]]), 'te.ddrho': array([[[3.56514984e-02, 2.85270975e-02, 3.51574513e-02, 3.52080848e-02,
         3.50913826e-02, 3.49464093e-02, 3.52126937e-02, 3.51109749e-02],
        [0.00000000e+00, 0.00000000e+00, 0.00000000e+00, 0.00000000e+00,
         0.00000000e+00, 0.00000000e+00, 0.00000000e+00, 0.00000000e+00],
        [3.53494889e-02, 5.49672690e-03, 3.50970568e-02, 3.50304439e-02,
         3.51873322e-02, 3.52633178e-02, 3.50950877e-02, 3.49371355e-02],
        [9.65425809e-02, 8.67957730e-06, 9.59681270e-02, 9.57566028e-02,
         9.56601237e-02, 9.62163176e-02, 9.59615558e-02, 9.60896126e-02]]]), 'ti.value': array([[[6.43010437e-02, 1.42820516e-03, 6.37922675e-02, 6.34599438e-02,
         6.37015021e-02, 6.38969636e-02, 6.38667857e-02, 6.36272523e-02],
        [3.53494889e-02, 5.49672690e-03, 3.50970568e-02, 3.50304439e-02,
         3.51873322e-02, 3.52633178e-02, 3.50950877e-02, 3.49371355e-02],
        [0.00000000e+00, 0.00000000e+00, 0.00000000e+00, 0.00000000e+00,
         0.00000000e+00, 0.00000000e+00, 0.00000000e+00, 0.00000000e+00],
        [9.10928519e-02, 9.98059219e-16, 9.03380720e-02, 9.05489571e-02,
         9.03537118e-02, 9.06280039e-02, 9.07184344e-02, 9.02796462e-02]]]), 'ti.ddrho': array([[[1.95794842e-01, 2.25519974e-06, 1.94804716e-01, 1.94518007e-01,
         1.94314854e-01, 1.95258973e-01, 1.94769368e-01, 1.94342813e-01],
        [9.65425809e-02, 8.67957730e-06, 9.59681270e-02, 9.57566028e-02,
         9.56601237e-02, 9.62163176e-02, 9.59615558e-02, 9.60896126e-02],
        [9.10928519e-02, 9.98059219e-16, 9.03380720e-02, 9.05489571e-02,
         9.03537118e-02, 9.06280039e-02, 9.07184344e-02, 9.02796462e-02],
        [0.00000000e+00, 0.00000000e+00, 0.00000000e+00, 0.00000000e+00,
         0.00000000e+00, 0.00000000e+00, 0.00000000e+00, 0.00000000e+00]]])}}
sobols_total,{'te_transp.flux': {'te.value': array([[0.6563478 , 0.07352814, 0.6554601 , 0.65407483, 0.65354601,
        0.65534326, 0.65333238, 0.6566215 ]]), 'te.ddrho': array([[0.29162571, 0.93609431, 0.29242023, 0.29408552, 0.29458189,
        0.29320945, 0.29428532, 0.29169191]]), 'ti.value': array([[2.73842271e-01, 1.46730367e-15, 2.74898283e-01, 2.75694921e-01,
        2.76041025e-01, 2.74352707e-01, 2.76985941e-01, 2.74098604e-01]]), 'ti.ddrho': array([[ 4.47364757e-01, -7.33651834e-16,  4.50093363e-01,
         4.51554801e-01,  4.52402418e-01,  4.50001374e-01,
         4.52626874e-01,  4.49129034e-01]])}, 'ti_transp.flux': {'te.value': array([[0.65237574, 0.74183532, 0.65536613, 0.65536824, 0.65537584,
        0.65404082, 0.65467219, 0.65569085]]), 'te.ddrho': array([[0.29508027, 0.14955113, 0.29287357, 0.29196794, 0.29280568,
        0.29364816, 0.29315947, 0.29257406]]), 'ti.value': array([[0.27724375, 0.14396261, 0.27494819, 0.27506157, 0.27488687,
        0.27582842, 0.27555197, 0.27465653]]), 'ti.ddrho': array([[4.53185360e-01, 2.27323395e-04, 4.50659975e-01, 4.50221645e-01,
        4.49675068e-01, 4.51584927e-01, 4.50870379e-01, 4.50119757e-01]])}}
correlation_matrices,{'te_transp.flux': array([[1.        , 0.01727372, 0.9998946 , 0.99993627, 0.99983997,
        0.99971415, 0.99989561, 0.99988277],
       [0.01727372, 1.        , 0.01813429, 0.0180376 , 0.01731667,
        0.01823731, 0.01751534, 0.02000724],
       [0.9998946 , 0.01813429, 1.        , 0.99996418, 0.9999515 ,
        0.99994147, 0.99996102, 0.99996231],
       [0.99993627, 0.0180376 , 0.99996418, 1.        , 0.99997176,
        0.99987698, 0.99998882, 0.99996615],
       [0.99983997, 0.01731667, 0.9999515 , 0.99997176, 1.        ,
        0.9999335 , 0.99997983, 0.9999699 ],
       [0.99971415, 0.01823731, 0.99994147, 0.99987698, 0.9999335 ,
        1.        , 0.9998908 , 0.99992434],
       [0.99989561, 0.01751534, 0.99996102, 0.99998882, 0.99997983,
        0.9998908 , 1.        , 0.99995658],
       [0.99988277, 0.02000724, 0.99996231, 0.99996615, 0.9999699 ,
        0.99992434, 0.99995658, 1.        ]]), 'ti_transp.flux': array([[1.00000000e+00, 5.85449886e-04, 9.99946494e-01, 9.99913133e-01,
        9.99959786e-01, 9.99952129e-01, 9.99946142e-01, 9.99898023e-01],
       [5.85449886e-04, 1.00000000e+00, 7.97608122e-04, 1.30453831e-04,
        8.42491582e-04, 6.70645787e-04, 9.51367801e-04, 3.97289029e-04],
       [9.99946494e-01, 7.97608122e-04, 1.00000000e+00, 9.99976717e-01,
        9.99946104e-01, 9.99964464e-01, 9.99973086e-01, 9.99903026e-01],
       [9.99913133e-01, 1.30453830e-04, 9.99976717e-01, 1.00000000e+00,
        9.99929855e-01, 9.99973820e-01, 9.99984237e-01, 9.99930304e-01],
       [9.99959786e-01, 8.42491582e-04, 9.99946104e-01, 9.99929855e-01,
        1.00000000e+00, 9.99964474e-01, 9.99961371e-01, 9.99944219e-01],
       [9.99952129e-01, 6.70645787e-04, 9.99964464e-01, 9.99973820e-01,
        9.99964474e-01, 1.00000000e+00, 9.99995420e-01, 9.99969966e-01],
       [9.99946142e-01, 9.51367801e-04, 9.99973086e-01, 9.99984237e-01,
        9.99961371e-01, 9.99995420e-01, 1.00000000e+00, 9.99964731e-01],
       [9.99898023e-01, 3.97289029e-04, 9.99903026e-01, 9.99930304e-01,
        9.99944219e-01, 9.99969966e-01, 9.99964731e-01, 1.00000000e+00]])}
output_distributions,{'te_transp.flux': array([sample_dist(lo=77620.17744526152, up=77620.17744537126),
       sample_dist(lo=77629.59194871539, up=2276495.306341057),
       sample_dist(lo=397811.7442056732, up=397811.7442062331),
       sample_dist(lo=283516.14057982864, up=283516.1405802255),
       sample_dist(lo=76690.24421908484, up=76690.24421919204),
       sample_dist(lo=89796.29403344807, up=89796.29403357436),
       sample_dist(lo=76764.77540441518, up=76764.7754045224),
       sample_dist(lo=108211.52755531528, up=108211.52755546804)],
      dtype=object), 'ti_transp.flux': array([sample_dist(lo=98013.54856917344, up=98013.54856930535),
       sample_dist(lo=-5622837.048748414, up=47024212.4189782),
       sample_dist(lo=74800.05253801882, up=74800.05253811991),
       sample_dist(lo=110259.45539626059, up=110259.4553964094),
       sample_dist(lo=52980.3281050034, up=52980.32810507495),
       sample_dist(lo=74594.89379028446, up=74594.89379038528),
       sample_dist(lo=57052.280747499986, up=57052.28074757708),
       sample_dist(lo=66590.62844858835, up=66590.62844867854)],
      dtype=object)}
Flux Tube:  3
statistical_moments,{'te_transp.flux': {'mean': array([ 77620.17744531, 332715.7963303 , 845601.91898974, 283516.14058002,
        76690.24421914,  89796.29403351,  76764.77540447, 108211.52755539]), 'var': array([2.74801339e-17, 5.05111637e-16, 1.16643858e+11, 3.66028751e-16,
       2.67599273e-17, 3.66324884e-17, 2.68595522e-17, 5.33164044e-17]), 'std': array([5.24214974e-09, 2.24746888e-08, 3.41531636e+05, 1.91318779e-08,
       5.17299983e-09, 6.05247787e-09, 5.18262020e-09, 7.30180829e-09])}, 'ti_transp.flux': {'mean': array([  98013.54856926,  239621.51354614, 6342637.79794448,
        110259.45539636,   52980.32810505,   74594.89379035,
         57052.28074755,   66590.62844865]), 'var': array([4.36411380e-17, 2.62229497e-16, 1.94005450e+13, 5.54571033e-17,
       1.27559366e-17, 2.53593932e-17, 1.48126740e-17, 2.01683239e-17]), 'std': array([6.60614396e-09, 1.61935017e-08, 4.40460497e+06, 7.44695262e-09,
       3.57154541e-09, 5.03581108e-09, 3.84872368e-09, 4.49091571e-09])}}
percentiles,{'te_transp.flux': {'p10': array([ 77620.17744531, 332715.79633028, 442736.71096082, 283516.14058   ,
        76690.24421913,  89796.2940335 ,  76764.77540446, 108211.52755538]), 'p90': array([  77620.17744532,  332715.79633032, 1295755.90845802,
        283516.14058003,   76690.24421914,   89796.29403351,
         76764.77540447,  108211.52755539])}, 'ti_transp.flux': {'p10': array([  98013.54856925,  239621.51354613, 1158646.37965724,
        110259.45539635,   52980.32810505,   74594.89379034,
         57052.28074755,   66590.62844864]), 'p90': array([   98013.54856926,   239621.51354615, 12066660.80486032,
         110259.45539636,    52980.32810505,    74594.89379035,
          57052.28074755,    66590.62844865])}}
sobols_first,{'te_transp.flux': {'te.value': array([[0.06172423, 0.06342465, 0.06394047, 0.06158117, 0.06225276,
        0.05992252, 0.06171367, 0.06068501]]), 'te.ddrho': array([[0.09604253, 0.0953624 , 0.92643072, 0.09523525, 0.09449733,
        0.0952853 , 0.09585044, 0.09567277]]), 'ti.value': array([[6.46828131e-03, 6.44907824e-03, 1.79889287e-28, 6.48389416e-03,
        6.47172698e-03, 6.40463269e-03, 6.53111293e-03, 6.41527603e-03]]), 'ti.ddrho': array([[3.34951444e-03, 3.27239747e-03, 9.23094424e-29, 3.30224063e-03,
        3.33964931e-03, 3.36353010e-03, 3.29839053e-03, 3.36436177e-03]])}, 'ti_transp.flux': {'te.value': array([[0.05937411, 0.06423584, 0.69477382, 0.06315747, 0.06052163,
        0.06185652, 0.06091636, 0.06059857]]), 'te.ddrho': array([[0.09617786, 0.09495761, 0.08316671, 0.09567816, 0.09525223,
        0.09590466, 0.09587927, 0.09535251]]), 'ti.value': array([[0.00641665, 0.0065391 , 0.18474688, 0.00629497, 0.00648079,
        0.00658049, 0.00653441, 0.00636959]]), 'ti.ddrho': array([[3.24914771e-03, 3.38145305e-03, 4.98183846e-05, 3.36102484e-03,
        3.35631393e-03, 3.37026590e-03, 3.35574729e-03, 3.31091619e-03]])}}
sobols_second,{'te_transp.flux': {'te.value': array([[[ 0.00000000e+00,  0.00000000e+00,  0.00000000e+00,
          0.00000000e+00,  0.00000000e+00,  0.00000000e+00,
          0.00000000e+00,  0.00000000e+00],
        [ 1.28299795e-01,  1.27937674e-01,  9.62881183e-03,
          1.28479919e-01,  1.28097045e-01,  1.28301835e-01,
          1.27916352e-01,  1.28171611e-01],
        [ 9.60454418e-02,  9.60474052e-02,  2.53454440e-15,
          9.62608608e-02,  9.62960233e-02,  9.64679371e-02,
          9.62615897e-02,  9.62729097e-02],
        [ 3.71613837e-02,  3.71530441e-02, -4.74205082e-16,
          3.72004287e-02,  3.71962458e-02,  3.72363290e-02,
          3.72284426e-02,  3.72518889e-02]]]), 'te.ddrho': array([[[ 1.28299795e-01,  1.27937674e-01,  9.62881183e-03,
          1.28479919e-01,  1.28097045e-01,  1.28301835e-01,
          1.27916352e-01,  1.28171611e-01],
        [ 0.00000000e+00,  0.00000000e+00,  0.00000000e+00,
          0.00000000e+00,  0.00000000e+00,  0.00000000e+00,
          0.00000000e+00,  0.00000000e+00],
        [ 7.49730082e-03,  7.51642495e-03, -2.61630390e-15,
          7.60740887e-03,  7.59627957e-03,  7.59046735e-03,
          7.56161936e-03,  7.59298858e-03],
        [ 1.77360941e-01,  1.77220373e-01,  2.61630390e-16,
          1.77568608e-01,  1.77725056e-01,  1.78167126e-01,
          1.77536106e-01,  1.77926424e-01]]]), 'ti.value': array([[[ 9.60454418e-02,  9.60474052e-02,  2.53454440e-15,
          9.62608608e-02,  9.62960233e-02,  9.64679371e-02,
          9.62615897e-02,  9.62729097e-02],
        [ 7.49730082e-03,  7.51642495e-03, -2.61630390e-15,
          7.60740887e-03,  7.59627957e-03,  7.59046735e-03,
          7.56161936e-03,  7.59298858e-03],
        [ 0.00000000e+00,  0.00000000e+00,  0.00000000e+00,
          0.00000000e+00,  0.00000000e+00,  0.00000000e+00,
          0.00000000e+00,  0.00000000e+00],
        [ 3.84307715e-02,  3.84014694e-02,  1.07365455e-27,
          3.85859705e-02,  3.84963658e-02,  3.84998549e-02,
          3.84044990e-02,  3.84159323e-02]]]), 'ti.ddrho': array([[[ 3.71613837e-02,  3.71530441e-02, -4.74205082e-16,
          3.72004287e-02,  3.71962458e-02,  3.72363290e-02,
          3.72284426e-02,  3.72518889e-02],
        [ 1.77360941e-01,  1.77220373e-01,  2.61630390e-16,
          1.77568608e-01,  1.77725056e-01,  1.78167126e-01,
          1.77536106e-01,  1.77926424e-01],
        [ 3.84307715e-02,  3.84014694e-02,  1.07365455e-27,
          3.85859705e-02,  3.84963658e-02,  3.84998549e-02,
          3.84044990e-02,  3.84159323e-02],
        [ 0.00000000e+00,  0.00000000e+00,  0.00000000e+00,
          0.00000000e+00,  0.00000000e+00,  0.00000000e+00,
          0.00000000e+00,  0.00000000e+00]]])}, 'ti_transp.flux': {'te.value': array([[[0.00000000e+00, 0.00000000e+00, 0.00000000e+00, 0.00000000e+00,
         0.00000000e+00, 0.00000000e+00, 0.00000000e+00, 0.00000000e+00],
        [1.28387210e-01, 1.28191214e-01, 2.78447783e-02, 1.28070124e-01,
         1.28390553e-01, 1.27872255e-01, 1.28402399e-01, 1.28496792e-01],
        [9.64505074e-02, 9.58959863e-02, 1.92711623e-03, 9.61294983e-02,
         9.63132294e-02, 9.63464963e-02, 9.62194115e-02, 9.64493349e-02],
        [3.72826902e-02, 3.71208414e-02, 5.19661388e-07, 3.71020647e-02,
         3.72012209e-02, 3.72037160e-02, 3.72558246e-02, 3.72778826e-02]]]), 'te.ddrho': array([[[1.28387210e-01, 1.28191214e-01, 2.78447783e-02, 1.28070124e-01,
         1.28390553e-01, 1.27872255e-01, 1.28402399e-01, 1.28496792e-01],
        [0.00000000e+00, 0.00000000e+00, 0.00000000e+00, 0.00000000e+00,
         0.00000000e+00, 0.00000000e+00, 0.00000000e+00, 0.00000000e+00],
        [7.57889571e-03, 7.55254428e-03, 7.41192895e-03, 7.54792717e-03,
         7.58612983e-03, 7.54477376e-03, 7.56477503e-03, 7.58419521e-03],
        [1.78050067e-01, 1.77128916e-01, 1.99868239e-06, 1.77217622e-01,
         1.78076883e-01, 1.77498830e-01, 1.77677836e-01, 1.77784378e-01]]]), 'ti.value': array([[[9.64505074e-02, 9.58959863e-02, 1.92711623e-03, 9.61294983e-02,
         9.63132294e-02, 9.63464963e-02, 9.62194115e-02, 9.64493349e-02],
        [7.57889571e-03, 7.55254428e-03, 7.41192895e-03, 7.54792717e-03,
         7.58612983e-03, 7.54477376e-03, 7.56477503e-03, 7.58419521e-03],
        [0.00000000e+00, 0.00000000e+00, 0.00000000e+00, 0.00000000e+00,
         0.00000000e+00, 0.00000000e+00, 0.00000000e+00, 0.00000000e+00],
        [3.85366320e-02, 3.83153727e-02, 5.98407679e-16, 3.83248839e-02,
         3.85711619e-02, 3.83939529e-02, 3.84522804e-02, 3.85228627e-02]]]), 'ti.ddrho': array([[[3.72826902e-02, 3.71208414e-02, 5.19661388e-07, 3.71020647e-02,
         3.72012209e-02, 3.72037160e-02, 3.72558246e-02, 3.72778826e-02],
        [1.78050067e-01, 1.77128916e-01, 1.99868239e-06, 1.77217622e-01,
         1.78076883e-01, 1.77498830e-01, 1.77677836e-01, 1.77784378e-01],
        [3.85366320e-02, 3.83153727e-02, 5.98407679e-16, 3.83248839e-02,
         3.85711619e-02, 3.83939529e-02, 3.84522804e-02, 3.85228627e-02],
        [0.00000000e+00, 0.00000000e+00, 0.00000000e+00, 0.00000000e+00,
         0.00000000e+00, 0.00000000e+00, 0.00000000e+00, 0.00000000e+00]]])}}
sobols_total,{'te_transp.flux': {'te.value': array([[0.3870093 , 0.38839261, 0.07356928, 0.38737858, 0.38774403,
        0.38600688, 0.38687127, 0.38637535]]), 'te.ddrho': array([[0.72359891, 0.72196145, 0.93605953, 0.7232749 , 0.72267056,
        0.72472833, 0.72339132, 0.72422141]]), 'ti.value': array([[ 4.71798846e-01,  4.71377661e-01, -7.84891171e-16,
         4.72364791e-01,  4.72615317e-01,  4.73356674e-01,
         4.72174688e-01,  4.72648733e-01]]), 'ti.ddrho': array([[ 5.97634323e-01,  5.97024951e-01, -4.97097741e-15,
         5.98008159e-01,  5.98483286e-01,  5.99691300e-01,
         5.97864580e-01,  5.98894880e-01]])}, 'ti_transp.flux': {'te.value': array([[0.38552945, 0.3891071 , 0.72462267, 0.38809713, 0.38639112,
        0.38710863, 0.38661464, 0.38685671]]), 'te.ddrho': array([[0.7252847 , 0.72137283, 0.11850185, 0.72245628, 0.72423408,
        0.72302832, 0.72393442, 0.72404604]]), 'ti.value': array([[0.47319498, 0.47076783, 0.19416233, 0.47122451, 0.47286441,
        0.47203063, 0.47228303, 0.47278775]]), 'ti.ddrho': array([[5.99244539e-01, 5.96296089e-01, 5.23573333e-05, 5.96804933e-01,
        5.99182089e-01, 5.97556810e-01, 5.98225042e-01, 5.98782046e-01]])}}
correlation_matrices,{'te_transp.flux': array([[ 1.        ,  0.99997597, -0.01119596,  0.99999459,  0.99997465,
         0.99997833,  0.99999248,  0.99996834],
       [ 0.99997597,  1.        , -0.01302726,  0.99996904,  0.99992951,
         0.99995975,  0.99997028,  0.99996801],
       [-0.01119596, -0.01302726,  1.        , -0.01256624, -0.01269161,
        -0.01292939, -0.01327182, -0.01217231],
       [ 0.99999459,  0.99996904, -0.01256624,  1.        ,  0.99997985,
         0.99997439,  0.9999937 ,  0.99995662],
       [ 0.99997465,  0.99992951, -0.01269161,  0.99997985,  1.        ,
         0.99995292,  0.99998104,  0.99992636],
       [ 0.99997833,  0.99995975, -0.01292939,  0.99997439,  0.99995292,
         1.        ,  0.99998179,  0.99999168],
       [ 0.99999248,  0.99997028, -0.01327182,  0.9999937 ,  0.99998104,
         0.99998179,  1.        ,  0.99996877],
       [ 0.99996834,  0.99996801, -0.01217231,  0.99995662,  0.99992636,
         0.99999168,  0.99996877,  1.        ]]), 'ti_transp.flux': array([[1.        , 0.99993658, 0.00294079, 0.99993834, 0.99997763,
        0.99996376, 0.99998919, 0.99999123],
       [0.99993658, 1.        , 0.00627609, 0.99998005, 0.9999451 ,
        0.99996339, 0.9999669 , 0.99996841],
       [0.00294079, 0.00627609, 1.        , 0.00559722, 0.00363253,
        0.00396   , 0.00389944, 0.00465277],
       [0.99993834, 0.99998005, 0.00559722, 1.        , 0.99992255,
        0.9999551 , 0.99995196, 0.99996776],
       [0.99997763, 0.9999451 , 0.00363253, 0.99992255, 1.        ,
        0.99998447, 0.99999197, 0.9999767 ],
       [0.99996376, 0.99996339, 0.00396   , 0.9999551 , 0.99998447,
        1.        , 0.99998462, 0.99997078],
       [0.99998919, 0.9999669 , 0.00389944, 0.99995196, 0.99999197,
        0.99998462, 1.        , 0.99999225],
       [0.99999123, 0.99996841, 0.00465277, 0.99996776, 0.9999767 ,
        0.99997078, 0.99999225, 1.        ]])}
output_distributions,{'te_transp.flux': array([sample_dist(lo=77620.17744525748, up=77620.17744538348),
       sample_dist(lo=332715.7963300625, up=332715.7963306027),
       sample_dist(lo=26686.95881866895, up=2549095.80649844),
       sample_dist(lo=283516.14057981066, up=283516.14058027096),
       sample_dist(lo=76690.24421907979, up=76690.24421920432),
       sample_dist(lo=89796.29403344262, up=89796.29403358846),
       sample_dist(lo=76764.77540441022, up=76764.77540453499),
       sample_dist(lo=108211.52755530895, up=108211.52755548482)],
      dtype=object), 'ti_transp.flux': array([sample_dist(lo=98013.54856916219, up=98013.54856941018),
       sample_dist(lo=239621.5135459056, up=239621.51354651118),
       sample_dist(lo=-5247437.386066662, up=28449537.35667722),
       sample_dist(lo=110259.45539624768, up=110259.45539652645),
       sample_dist(lo=52980.32810499748, up=52980.32810513134),
       sample_dist(lo=74594.89379027612, up=74594.89379046467),
       sample_dist(lo=57052.28074749351, up=57052.28074763776),
       sample_dist(lo=66590.6284485809, up=66590.6284487492)],
      dtype=object)}
Flux Tube:  4
statistical_moments,{'te_transp.flux': {'mean': array([ 77620.17744531, 332715.7963303 , 397811.74420594, 645068.75153863,
        76690.24421914,  89796.29403351,  76764.77540447, 108211.52755539]), 'var': array([3.59130070e-17, 6.59607184e-16, 9.42229083e-16, 6.73909875e+10,
       3.50416873e-17, 4.80009173e-17, 3.51044690e-17, 6.97439185e-17]), 'std': array([5.99274620e-09, 2.56828188e-08, 3.06957502e-08, 2.59597742e+05,
       5.91960195e-09, 6.92826943e-09, 5.92490244e-09, 8.35128245e-09])}, 'ti_transp.flux': {'mean': array([   98013.54856926,   239621.51354614,    74800.05253808,
       -3903281.91820086,    52980.32810505,    74594.89379035,
          57052.28074755,    66590.62844865]), 'var': array([5.72180321e-17, 3.42755510e-16, 3.33288931e-17, 1.76153624e+13,
       1.66917403e-17, 3.32249371e-17, 1.94132083e-17, 2.63893321e-17]), 'std': array([7.56426018e-09, 1.85136574e-08, 5.77311814e-09, 4.19706593e+06,
       4.08555263e-09, 5.76410766e-09, 4.40604225e-09, 5.13705481e-09])}}
percentiles,{'te_transp.flux': {'p10': array([ 77620.17744531, 332715.79633028, 397811.74420591, 330795.23031918,
        76690.24421913,  89796.2940335 ,  76764.77540446, 108211.52755538]), 'p90': array([ 77620.17744532, 332715.79633032, 397811.74420596, 997532.47166625,
        76690.24421914,  89796.29403351,  76764.77540447, 108211.52755539])}, 'ti_transp.flux': {'p10': array([   98013.54856925,   239621.51354613,    74800.05253808,
       -9481357.70412492,    52980.32810505,    74594.89379034,
          57052.28074755,    66590.62844864]), 'p90': array([  98013.54856926,  239621.51354616,   74800.05253809,
       1027528.42534933,   52980.32810505,   74594.89379035,
         57052.28074755,   66590.62844865])}}
sobols_first,{'te_transp.flux': {'te.value': array([[0.04437536, 0.04306196, 0.042887  , 0.06790256, 0.04405937,
        0.04241009, 0.04345773, 0.0429239 ]]), 'te.ddrho': array([[0.09233664, 0.09247461, 0.09285796, 0.92173806, 0.09267813,
