***               EXPEQ_50555t63.95
*** 
***NEGP=-1,NER= 1  TCV case with ECRH
*** NSURF=6,NEQDSK=0,  NEQDXTPO=-1
 &EQDATA
 nitmopt=10 ,nitmshot(1)=170, nitmrun(1)=1,treeitm(1)='euitm'
            nitmshot(2)=-180, nitmrun(2)=1,treeitm(2)='euitm'
 RELAX= 0.,  NDIAGOP= 1,  NBSEXPQ=1111, NBSEXPQ=0000,
 NPROPT=1,
 NIDEAL=6, NPLOT=1,    NTCASE=0,   NSMOOTH=1,
 NS=40,    NT=40,      NPSI=140,    NCHI=140, NISO=140, NTNOVA=12,
 NS=20,    NT=20,      NPSI=80,    NCHI=80, NISO=80, NTNOVA=12,
 CPRESS=1. ,QSPEC=0.88,   CSSPEC=0.0,
 CFNRESS=1.00,
 NRSCAL=0, NCSCAL=2,   NTMF0=0,
 NBAL=0,   NBLOPT=0,     CFBAL=10.00, 

 NOPT=0,
 R0EXP=8.79999995E-01,
 R0EXP= 2.907849 ,
 B0EXP= 1.083677 ,
 CURRT= 0.519514 ,

 NSURF=6,  ELONG=2.045,  TRIANG=0.7,  BEANS=0., CETA=0.24, SGMA=0.,
           ASPCT= 0.28123462E+00,
           ASPCT= 0.28,
 NFUNC=4,  NSTTP=1,    AT= 0., -0.30761536E+01,0.72318357, 0.0, 

 AT4=0.0, 27.926, -42.339, 16.664, 0.0,
 AT4=28.232, -48.496, 35.964, -14.26, 0.0,
 AT4=29500., -68768., 272720., -1147400., 2798300., -3873600., 2842600., -852840.,
 AT3=0.52719, 0.11069, -0.11517, -0.083952, 0.15572, -0.048391, 0., 0.
 AT3=0.52503, 0.92754, 0.21896, -2.4078, 8.1211, -13.87, 11.653, -3.7942,
 AT2=1.5145, 0.12811, -4.9335, 36.43, -120.88, 201.1, -163.58, 51.79, 
 AT2=1.5165, 0.14189, -5.0417, 36.759, -121.11, 200.38, -162.23, 51.152,
 ETAEI= 0.1, RPEOP= 0.5,  RZION=1.5,
 NPPFUN=4, NPP=1,      AP= 0.0,-0.8, 0.0, 0.0, 
 NSOUR=8,

 NDIFPS=0, NDIFT=1,
 NMESHC=1, NPOIDC=2, SOLPDC=.70,CPLACE=.95,.99,1.0,
                                CWIDTH=.10,.02,.05,
 NMESHA=0, NPOIDA=1, SOLPDA=.60,APLACE=.00,.70,1.0,
                                AWIDTH=.05,.07,.05,
 NMESHA=2, NPOIDQ=6, SOLPDA=.10,QPLACE=0.95,0.95,1.0,2.0,3.00,4.0,4.0,
                                QWIDTH=0.06,.04,.08,.05,0.05,0.05,
 NMESHA=0, NPOIDQ=8, SOLPDA=.10,QPLACE=0.95,0.95,1.0,2.0,3.00,3.0 ,4.0,4.0,
                                QWIDTH=0.06,.04, .03,.06,  .05,0.01,0.04,.01
 NMESHA=2, NPOIDQ=2, SOLPDA=.60,QPLACE=1.00,1.00,1.00,2.00,2.00,2.00,3.00,3.00,4.00,4.00,
                                 QWIDTH=0.13,0.06,0.01,0.09,0.05,0.02,0.07,0.02,0.04,0.01,
 NMESHA=2, NPOIDQ=10, SOLPDA=.10,QPLACE=1.00,1.00,1.00,2.00,2.00,2.00,3.00,3.00,4.00,4.00,
                                 QWIDTH=0.13,0.06,0.01,0.09,0.05,0.02,0.07,0.02,0.04,0.01,
 NMESHA=0, NPOIDQ=10, SOLPDA=.10,QPLACE=1.00,1.00,2.00,2.00,3.00,3.00,4.00,4.00,4.41,4.41,
                                 QWIDTH=0.13,0.04,0.09,0.04,0.07,0.02,0.04,0.01,0.01,0.001,
 NMESHD=1, NPOIDD=2, SOLPDD=.60,DPLACE=-1.80,-1.80,4.0,
                                DWIDTH=.18,.08,.05,
 NMESHD=1, NPOIDD=2, SOLPDD=.60,DPLACE=-1.80,-1.80,4.0,
                                DWIDTH=.18,.08,.05,
 NMESHE=0, NPOIDE=4, SOLPDE=.50,EPLACE=-1.70,-1.70, 1.70, 1.70,
                                EWIDTH=.18,.08,.18,.08,
 EPSLON=1.0E-8, GAMMA=1.6666666667,
 NTURN=0, NBLC0=16,   NPPR=24,
 MSMAX=1,  NINMAP=40,  NINSCA=40,
 NSYM=0,   NEGP= 0,    NER=2, NV=40, NVEXP=1,  REXT=10.0, R0W=1., RZ0W=0.,
 NSYM=0,   NEGP=-2,    NER=2, NV=40, NVEXP=1,  REXT=10.0, R0W=1., RZ0W=0.,
 NSYM=0,   NEGP=-1,    NER=1, NV=40, NVEXP=1,  REXT=10.0, R0W=1., RZ0W=0.,
 NEQDSK=0,  NEQDXTPO=-1,
 NEQDSK=0,  NEQDXTPO=1,
 PSISCL= 1.0,  NRBOX=33, NZBOX=33,
 PSISCL= 1.0,  NRBOX=129, NZBOX=129,
 PSISCL= 1.0,  NRBOX=33, NZBOX=65,
 /
 &NEWRUN
 AL0=-3.0E-03, NWALL= 1, REXT=10.0,
 NLGREN= .F., WNTORE=1.0, NV=40,
 NLDIAG=11*.T.,
 NAL0AUTO=1,
 /

***     Solovev case with eps=0.381966, ellip=1.963187 and q0=1.2.
***     I used the formulas (3.19) in Guido's PHD to evaluate
***     elong and aspct as defined in CHEASE (HL):
***     elong=2., aspct=1./3.
 &EQDATA
 nrbox=101,nzbox=101,
 nsurf=6,nppfun=4,nfunc=4,
 nsttp=2,
 nitmopt=1,nitmshot=140, nitmrun=3,treeitm='euitm'
 /
 &NEWRUN
 /

 b0exp=5.3,r0exp=-6.33745036541560225,
